{
 "cells": [
  {
   "cell_type": "markdown",
   "id": "f95c241a",
   "metadata": {},
   "source": [
    "# "
   ]
  },
  {
   "cell_type": "code",
   "execution_count": 1,
   "id": "cd589ece",
   "metadata": {},
   "outputs": [],
   "source": [
    "import seaborn as snb"
   ]
  },
  {
   "cell_type": "code",
   "execution_count": 2,
   "id": "70fe164e",
   "metadata": {},
   "outputs": [],
   "source": [
    "data=snb.load_dataset('iris')"
   ]
  },
  {
   "cell_type": "code",
   "execution_count": 3,
   "id": "7b2ab55f",
   "metadata": {},
   "outputs": [
    {
     "data": {
      "text/html": [
       "<div>\n",
       "<style scoped>\n",
       "    .dataframe tbody tr th:only-of-type {\n",
       "        vertical-align: middle;\n",
       "    }\n",
       "\n",
       "    .dataframe tbody tr th {\n",
       "        vertical-align: top;\n",
       "    }\n",
       "\n",
       "    .dataframe thead th {\n",
       "        text-align: right;\n",
       "    }\n",
       "</style>\n",
       "<table border=\"1\" class=\"dataframe\">\n",
       "  <thead>\n",
       "    <tr style=\"text-align: right;\">\n",
       "      <th></th>\n",
       "      <th>sepal_length</th>\n",
       "      <th>sepal_width</th>\n",
       "      <th>petal_length</th>\n",
       "      <th>petal_width</th>\n",
       "      <th>species</th>\n",
       "    </tr>\n",
       "  </thead>\n",
       "  <tbody>\n",
       "    <tr>\n",
       "      <th>0</th>\n",
       "      <td>5.1</td>\n",
       "      <td>3.5</td>\n",
       "      <td>1.4</td>\n",
       "      <td>0.2</td>\n",
       "      <td>setosa</td>\n",
       "    </tr>\n",
       "    <tr>\n",
       "      <th>1</th>\n",
       "      <td>4.9</td>\n",
       "      <td>3.0</td>\n",
       "      <td>1.4</td>\n",
       "      <td>0.2</td>\n",
       "      <td>setosa</td>\n",
       "    </tr>\n",
       "    <tr>\n",
       "      <th>2</th>\n",
       "      <td>4.7</td>\n",
       "      <td>3.2</td>\n",
       "      <td>1.3</td>\n",
       "      <td>0.2</td>\n",
       "      <td>setosa</td>\n",
       "    </tr>\n",
       "    <tr>\n",
       "      <th>3</th>\n",
       "      <td>4.6</td>\n",
       "      <td>3.1</td>\n",
       "      <td>1.5</td>\n",
       "      <td>0.2</td>\n",
       "      <td>setosa</td>\n",
       "    </tr>\n",
       "    <tr>\n",
       "      <th>4</th>\n",
       "      <td>5.0</td>\n",
       "      <td>3.6</td>\n",
       "      <td>1.4</td>\n",
       "      <td>0.2</td>\n",
       "      <td>setosa</td>\n",
       "    </tr>\n",
       "    <tr>\n",
       "      <th>...</th>\n",
       "      <td>...</td>\n",
       "      <td>...</td>\n",
       "      <td>...</td>\n",
       "      <td>...</td>\n",
       "      <td>...</td>\n",
       "    </tr>\n",
       "    <tr>\n",
       "      <th>145</th>\n",
       "      <td>6.7</td>\n",
       "      <td>3.0</td>\n",
       "      <td>5.2</td>\n",
       "      <td>2.3</td>\n",
       "      <td>virginica</td>\n",
       "    </tr>\n",
       "    <tr>\n",
       "      <th>146</th>\n",
       "      <td>6.3</td>\n",
       "      <td>2.5</td>\n",
       "      <td>5.0</td>\n",
       "      <td>1.9</td>\n",
       "      <td>virginica</td>\n",
       "    </tr>\n",
       "    <tr>\n",
       "      <th>147</th>\n",
       "      <td>6.5</td>\n",
       "      <td>3.0</td>\n",
       "      <td>5.2</td>\n",
       "      <td>2.0</td>\n",
       "      <td>virginica</td>\n",
       "    </tr>\n",
       "    <tr>\n",
       "      <th>148</th>\n",
       "      <td>6.2</td>\n",
       "      <td>3.4</td>\n",
       "      <td>5.4</td>\n",
       "      <td>2.3</td>\n",
       "      <td>virginica</td>\n",
       "    </tr>\n",
       "    <tr>\n",
       "      <th>149</th>\n",
       "      <td>5.9</td>\n",
       "      <td>3.0</td>\n",
       "      <td>5.1</td>\n",
       "      <td>1.8</td>\n",
       "      <td>virginica</td>\n",
       "    </tr>\n",
       "  </tbody>\n",
       "</table>\n",
       "<p>150 rows × 5 columns</p>\n",
       "</div>"
      ],
      "text/plain": [
       "     sepal_length  sepal_width  petal_length  petal_width    species\n",
       "0             5.1          3.5           1.4          0.2     setosa\n",
       "1             4.9          3.0           1.4          0.2     setosa\n",
       "2             4.7          3.2           1.3          0.2     setosa\n",
       "3             4.6          3.1           1.5          0.2     setosa\n",
       "4             5.0          3.6           1.4          0.2     setosa\n",
       "..            ...          ...           ...          ...        ...\n",
       "145           6.7          3.0           5.2          2.3  virginica\n",
       "146           6.3          2.5           5.0          1.9  virginica\n",
       "147           6.5          3.0           5.2          2.0  virginica\n",
       "148           6.2          3.4           5.4          2.3  virginica\n",
       "149           5.9          3.0           5.1          1.8  virginica\n",
       "\n",
       "[150 rows x 5 columns]"
      ]
     },
     "execution_count": 3,
     "metadata": {},
     "output_type": "execute_result"
    }
   ],
   "source": [
    "data"
   ]
  },
  {
   "cell_type": "markdown",
   "id": "fec0348d",
   "metadata": {},
   "source": [
    "# Infercial Statestics"
   ]
  },
  {
   "cell_type": "markdown",
   "id": "987924b5",
   "metadata": {},
   "source": [
    "# Cetral Tendency "
   ]
  },
  {
   "cell_type": "markdown",
   "id": "191031d1",
   "metadata": {},
   "source": [
    "* Mean\n",
    "    * Median\n",
    "        * mode\n",
    "        "
   ]
  },
  {
   "cell_type": "code",
   "execution_count": 13,
   "id": "0f4f72e7",
   "metadata": {
    "scrolled": true
   },
   "outputs": [
    {
     "data": {
      "text/plain": [
       "5.843333333333334"
      ]
     },
     "execution_count": 13,
     "metadata": {},
     "output_type": "execute_result"
    }
   ],
   "source": [
    "data['sepal_length'].mean()"
   ]
  },
  {
   "cell_type": "code",
   "execution_count": 9,
   "id": "b92d884d",
   "metadata": {},
   "outputs": [
    {
     "name": "stderr",
     "output_type": "stream",
     "text": [
      "C:\\Users\\Dell\\AppData\\Local\\Temp\\ipykernel_17028\\531903386.py:1: FutureWarning: The default value of numeric_only in DataFrame.mean is deprecated. In a future version, it will default to False. In addition, specifying 'numeric_only=None' is deprecated. Select only valid columns or specify the value of numeric_only to silence this warning.\n",
      "  data.mean()\n"
     ]
    },
    {
     "data": {
      "text/plain": [
       "sepal_length    5.843333\n",
       "sepal_width     3.057333\n",
       "petal_length    3.758000\n",
       "petal_width     1.199333\n",
       "dtype: float64"
      ]
     },
     "execution_count": 9,
     "metadata": {},
     "output_type": "execute_result"
    }
   ],
   "source": [
    "data.mean()"
   ]
  },
  {
   "cell_type": "code",
   "execution_count": 15,
   "id": "e424f3a1",
   "metadata": {},
   "outputs": [
    {
     "data": {
      "text/plain": [
       "0    1.4\n",
       "1    1.5\n",
       "Name: petal_length, dtype: float64"
      ]
     },
     "execution_count": 15,
     "metadata": {},
     "output_type": "execute_result"
    }
   ],
   "source": [
    "data['petal_length'].mode()"
   ]
  },
  {
   "cell_type": "code",
   "execution_count": 16,
   "id": "82627af2",
   "metadata": {},
   "outputs": [
    {
     "data": {
      "text/plain": [
       "5.8"
      ]
     },
     "execution_count": 16,
     "metadata": {},
     "output_type": "execute_result"
    }
   ],
   "source": [
    "data['sepal_length'].median()"
   ]
  },
  {
   "cell_type": "code",
   "execution_count": 23,
   "id": "a023062e",
   "metadata": {
    "scrolled": true
   },
   "outputs": [
    {
     "name": "stderr",
     "output_type": "stream",
     "text": [
      "C:\\Users\\Dell\\AppData\\Local\\Temp\\ipykernel_17028\\1188251951.py:1: FutureWarning: The default value of numeric_only in DataFrame.skew is deprecated. In a future version, it will default to False. In addition, specifying 'numeric_only=None' is deprecated. Select only valid columns or specify the value of numeric_only to silence this warning.\n",
      "  data.skew()\n"
     ]
    },
    {
     "data": {
      "text/plain": [
       "sepal_length    0.314911\n",
       "sepal_width     0.318966\n",
       "petal_length   -0.274884\n",
       "petal_width    -0.102967\n",
       "dtype: float64"
      ]
     },
     "execution_count": 23,
     "metadata": {},
     "output_type": "execute_result"
    }
   ],
   "source": [
    "data.skew()"
   ]
  },
  {
   "cell_type": "code",
   "execution_count": 27,
   "id": "00225db0",
   "metadata": {},
   "outputs": [
    {
     "data": {
      "text/plain": [
       "0.3149109566369728"
      ]
     },
     "execution_count": 27,
     "metadata": {},
     "output_type": "execute_result"
    }
   ],
   "source": [
    "data['sepal_length'].skew()"
   ]
  },
  {
   "cell_type": "code",
   "execution_count": 25,
   "id": "d28fa0f7",
   "metadata": {
    "scrolled": true
   },
   "outputs": [
    {
     "name": "stderr",
     "output_type": "stream",
     "text": [
      "C:\\Users\\Dell\\AppData\\Local\\Temp\\ipykernel_17028\\2907027414.py:1: FutureWarning: The default value of numeric_only in DataFrame.kurt is deprecated. In a future version, it will default to False. In addition, specifying 'numeric_only=None' is deprecated. Select only valid columns or specify the value of numeric_only to silence this warning.\n",
      "  data.kurt()\n"
     ]
    },
    {
     "data": {
      "text/plain": [
       "sepal_length   -0.552064\n",
       "sepal_width     0.228249\n",
       "petal_length   -1.402103\n",
       "petal_width    -1.340604\n",
       "dtype: float64"
      ]
     },
     "execution_count": 25,
     "metadata": {},
     "output_type": "execute_result"
    }
   ],
   "source": [
    "data.kurt()"
   ]
  },
  {
   "cell_type": "code",
   "execution_count": 26,
   "id": "d3ca7d23",
   "metadata": {},
   "outputs": [
    {
     "data": {
      "text/plain": [
       "-0.5520640413156395"
      ]
     },
     "execution_count": 26,
     "metadata": {},
     "output_type": "execute_result"
    }
   ],
   "source": [
    "data['sepal_length'].kurt()"
   ]
  },
  {
   "cell_type": "code",
   "execution_count": 24,
   "id": "04ddfb9f",
   "metadata": {},
   "outputs": [
    {
     "name": "stderr",
     "output_type": "stream",
     "text": [
      "C:\\Users\\Dell\\AppData\\Local\\Temp\\ipykernel_17028\\4020818503.py:1: FutureWarning: The default value of numeric_only in DataFrame.cov is deprecated. In a future version, it will default to False. Select only valid columns or specify the value of numeric_only to silence this warning.\n",
      "  data.cov()\n"
     ]
    },
    {
     "data": {
      "text/html": [
       "<div>\n",
       "<style scoped>\n",
       "    .dataframe tbody tr th:only-of-type {\n",
       "        vertical-align: middle;\n",
       "    }\n",
       "\n",
       "    .dataframe tbody tr th {\n",
       "        vertical-align: top;\n",
       "    }\n",
       "\n",
       "    .dataframe thead th {\n",
       "        text-align: right;\n",
       "    }\n",
       "</style>\n",
       "<table border=\"1\" class=\"dataframe\">\n",
       "  <thead>\n",
       "    <tr style=\"text-align: right;\">\n",
       "      <th></th>\n",
       "      <th>sepal_length</th>\n",
       "      <th>sepal_width</th>\n",
       "      <th>petal_length</th>\n",
       "      <th>petal_width</th>\n",
       "    </tr>\n",
       "  </thead>\n",
       "  <tbody>\n",
       "    <tr>\n",
       "      <th>sepal_length</th>\n",
       "      <td>0.685694</td>\n",
       "      <td>-0.042434</td>\n",
       "      <td>1.274315</td>\n",
       "      <td>0.516271</td>\n",
       "    </tr>\n",
       "    <tr>\n",
       "      <th>sepal_width</th>\n",
       "      <td>-0.042434</td>\n",
       "      <td>0.189979</td>\n",
       "      <td>-0.329656</td>\n",
       "      <td>-0.121639</td>\n",
       "    </tr>\n",
       "    <tr>\n",
       "      <th>petal_length</th>\n",
       "      <td>1.274315</td>\n",
       "      <td>-0.329656</td>\n",
       "      <td>3.116278</td>\n",
       "      <td>1.295609</td>\n",
       "    </tr>\n",
       "    <tr>\n",
       "      <th>petal_width</th>\n",
       "      <td>0.516271</td>\n",
       "      <td>-0.121639</td>\n",
       "      <td>1.295609</td>\n",
       "      <td>0.581006</td>\n",
       "    </tr>\n",
       "  </tbody>\n",
       "</table>\n",
       "</div>"
      ],
      "text/plain": [
       "              sepal_length  sepal_width  petal_length  petal_width\n",
       "sepal_length      0.685694    -0.042434      1.274315     0.516271\n",
       "sepal_width      -0.042434     0.189979     -0.329656    -0.121639\n",
       "petal_length      1.274315    -0.329656      3.116278     1.295609\n",
       "petal_width       0.516271    -0.121639      1.295609     0.581006"
      ]
     },
     "execution_count": 24,
     "metadata": {},
     "output_type": "execute_result"
    }
   ],
   "source": [
    "data.cov()"
   ]
  },
  {
   "cell_type": "code",
   "execution_count": 21,
   "id": "46987ebb",
   "metadata": {},
   "outputs": [
    {
     "name": "stderr",
     "output_type": "stream",
     "text": [
      "C:\\Users\\Dell\\AppData\\Local\\Temp\\ipykernel_17028\\2627137660.py:1: FutureWarning: The default value of numeric_only in DataFrame.corr is deprecated. In a future version, it will default to False. Select only valid columns or specify the value of numeric_only to silence this warning.\n",
      "  data.corr()\n"
     ]
    },
    {
     "data": {
      "text/html": [
       "<div>\n",
       "<style scoped>\n",
       "    .dataframe tbody tr th:only-of-type {\n",
       "        vertical-align: middle;\n",
       "    }\n",
       "\n",
       "    .dataframe tbody tr th {\n",
       "        vertical-align: top;\n",
       "    }\n",
       "\n",
       "    .dataframe thead th {\n",
       "        text-align: right;\n",
       "    }\n",
       "</style>\n",
       "<table border=\"1\" class=\"dataframe\">\n",
       "  <thead>\n",
       "    <tr style=\"text-align: right;\">\n",
       "      <th></th>\n",
       "      <th>sepal_length</th>\n",
       "      <th>sepal_width</th>\n",
       "      <th>petal_length</th>\n",
       "      <th>petal_width</th>\n",
       "    </tr>\n",
       "  </thead>\n",
       "  <tbody>\n",
       "    <tr>\n",
       "      <th>sepal_length</th>\n",
       "      <td>1.000000</td>\n",
       "      <td>-0.117570</td>\n",
       "      <td>0.871754</td>\n",
       "      <td>0.817941</td>\n",
       "    </tr>\n",
       "    <tr>\n",
       "      <th>sepal_width</th>\n",
       "      <td>-0.117570</td>\n",
       "      <td>1.000000</td>\n",
       "      <td>-0.428440</td>\n",
       "      <td>-0.366126</td>\n",
       "    </tr>\n",
       "    <tr>\n",
       "      <th>petal_length</th>\n",
       "      <td>0.871754</td>\n",
       "      <td>-0.428440</td>\n",
       "      <td>1.000000</td>\n",
       "      <td>0.962865</td>\n",
       "    </tr>\n",
       "    <tr>\n",
       "      <th>petal_width</th>\n",
       "      <td>0.817941</td>\n",
       "      <td>-0.366126</td>\n",
       "      <td>0.962865</td>\n",
       "      <td>1.000000</td>\n",
       "    </tr>\n",
       "  </tbody>\n",
       "</table>\n",
       "</div>"
      ],
      "text/plain": [
       "              sepal_length  sepal_width  petal_length  petal_width\n",
       "sepal_length      1.000000    -0.117570      0.871754     0.817941\n",
       "sepal_width      -0.117570     1.000000     -0.428440    -0.366126\n",
       "petal_length      0.871754    -0.428440      1.000000     0.962865\n",
       "petal_width       0.817941    -0.366126      0.962865     1.000000"
      ]
     },
     "execution_count": 21,
     "metadata": {},
     "output_type": "execute_result"
    }
   ],
   "source": [
    "data.corr()"
   ]
  },
  {
   "cell_type": "code",
   "execution_count": 28,
   "id": "a3ec1307",
   "metadata": {},
   "outputs": [],
   "source": [
    "import warnings\n",
    "warnings.filterwarnings('ignore')"
   ]
  },
  {
   "cell_type": "code",
   "execution_count": 32,
   "id": "b139d2be",
   "metadata": {},
   "outputs": [
    {
     "data": {
      "text/plain": [
       "3.6000000000000005"
      ]
     },
     "execution_count": 32,
     "metadata": {},
     "output_type": "execute_result"
    }
   ],
   "source": [
    "# range\n",
    "minn=data['sepal_length'].min()\n",
    "maxx = data['sepal_length'].max()\n",
    "\n",
    "rangee=maxx-minn\n",
    "rangee"
   ]
  },
  {
   "cell_type": "code",
   "execution_count": 35,
   "id": "eab5541f",
   "metadata": {},
   "outputs": [
    {
     "name": "stdout",
     "output_type": "stream",
     "text": [
      "3.6000000000000005\n"
     ]
    }
   ],
   "source": [
    "# range\n",
    "range=data[\"sepal_length\"].max()-data[\"sepal_length\"].min()\n",
    "print(range)"
   ]
  },
  {
   "cell_type": "code",
   "execution_count": 33,
   "id": "5370e978",
   "metadata": {},
   "outputs": [
    {
     "data": {
      "text/plain": [
       "0.6856935123042505"
      ]
     },
     "execution_count": 33,
     "metadata": {},
     "output_type": "execute_result"
    }
   ],
   "source": [
    "# varience\n",
    "data['sepal_length'].var()"
   ]
  },
  {
   "cell_type": "code",
   "execution_count": 44,
   "id": "cf6d134c",
   "metadata": {},
   "outputs": [
    {
     "ename": "TypeError",
     "evalue": "Series.cov() missing 1 required positional argument: 'other'",
     "output_type": "error",
     "traceback": [
      "\u001b[1;31m---------------------------------------------------------------------------\u001b[0m",
      "\u001b[1;31mTypeError\u001b[0m                                 Traceback (most recent call last)",
      "Cell \u001b[1;32mIn[44], line 1\u001b[0m\n\u001b[1;32m----> 1\u001b[0m \u001b[43mdata\u001b[49m\u001b[43m[\u001b[49m\u001b[38;5;124;43m'\u001b[39;49m\u001b[38;5;124;43msepal_length\u001b[39;49m\u001b[38;5;124;43m'\u001b[39;49m\u001b[43m]\u001b[49m\u001b[38;5;241;43m.\u001b[39;49m\u001b[43mcov\u001b[49m\u001b[43m(\u001b[49m\u001b[43m)\u001b[49m\n",
      "\u001b[1;31mTypeError\u001b[0m: Series.cov() missing 1 required positional argument: 'other'"
     ]
    }
   ],
   "source": [
    "data['sepal_length'].cov()"
   ]
  },
  {
   "cell_type": "code",
   "execution_count": 43,
   "id": "0b312f8b",
   "metadata": {
    "scrolled": true
   },
   "outputs": [
    {
     "ename": "TypeError",
     "evalue": "Series.corr() missing 1 required positional argument: 'other'",
     "output_type": "error",
     "traceback": [
      "\u001b[1;31m---------------------------------------------------------------------------\u001b[0m",
      "\u001b[1;31mTypeError\u001b[0m                                 Traceback (most recent call last)",
      "Cell \u001b[1;32mIn[43], line 1\u001b[0m\n\u001b[1;32m----> 1\u001b[0m \u001b[43mdata\u001b[49m\u001b[43m[\u001b[49m\u001b[38;5;124;43m'\u001b[39;49m\u001b[38;5;124;43msepal_length\u001b[39;49m\u001b[38;5;124;43m'\u001b[39;49m\u001b[43m]\u001b[49m\u001b[38;5;241;43m.\u001b[39;49m\u001b[43mcorr\u001b[49m\u001b[43m(\u001b[49m\u001b[43m)\u001b[49m\n",
      "\u001b[1;31mTypeError\u001b[0m: Series.corr() missing 1 required positional argument: 'other'"
     ]
    }
   ],
   "source": [
    "data['sepal_length'].corr()"
   ]
  },
  {
   "cell_type": "code",
   "execution_count": 34,
   "id": "32057dda",
   "metadata": {},
   "outputs": [
    {
     "data": {
      "text/plain": [
       "0.8280661279778629"
      ]
     },
     "execution_count": 34,
     "metadata": {},
     "output_type": "execute_result"
    }
   ],
   "source": [
    "data['sepal_length'].std()"
   ]
  },
  {
   "cell_type": "code",
   "execution_count": 37,
   "id": "5ba6ebb2",
   "metadata": {},
   "outputs": [
    {
     "data": {
      "text/plain": [
       "0.3149109566369728"
      ]
     },
     "execution_count": 37,
     "metadata": {},
     "output_type": "execute_result"
    }
   ],
   "source": [
    "# skwness\n",
    "data['sepal_length'].skew()"
   ]
  },
  {
   "cell_type": "code",
   "execution_count": 38,
   "id": "41c48a64",
   "metadata": {},
   "outputs": [
    {
     "data": {
      "text/plain": [
       "-0.5520640413156395"
      ]
     },
     "execution_count": 38,
     "metadata": {},
     "output_type": "execute_result"
    }
   ],
   "source": [
    "# kurtosis\n",
    "data['sepal_length'].kurt()"
   ]
  },
  {
   "cell_type": "code",
   "execution_count": 39,
   "id": "3608f383",
   "metadata": {},
   "outputs": [],
   "source": [
    "q1=data['sepal_length'].quantile(0.25)\n",
    "q2=data['sepal_length'].quantile(0.50)\n",
    "q3=data['sepal_length'].quantile(0.75)"
   ]
  },
  {
   "cell_type": "code",
   "execution_count": 40,
   "id": "d04d0c3a",
   "metadata": {},
   "outputs": [
    {
     "data": {
      "text/plain": [
       "1.3000000000000007"
      ]
     },
     "execution_count": 40,
     "metadata": {},
     "output_type": "execute_result"
    }
   ],
   "source": [
    "# IQR\n",
    "IQR=q3-q1\n",
    "IQR"
   ]
  },
  {
   "cell_type": "code",
   "execution_count": 41,
   "id": "765dde1e",
   "metadata": {},
   "outputs": [
    {
     "data": {
      "text/html": [
       "<div>\n",
       "<style scoped>\n",
       "    .dataframe tbody tr th:only-of-type {\n",
       "        vertical-align: middle;\n",
       "    }\n",
       "\n",
       "    .dataframe tbody tr th {\n",
       "        vertical-align: top;\n",
       "    }\n",
       "\n",
       "    .dataframe thead th {\n",
       "        text-align: right;\n",
       "    }\n",
       "</style>\n",
       "<table border=\"1\" class=\"dataframe\">\n",
       "  <thead>\n",
       "    <tr style=\"text-align: right;\">\n",
       "      <th></th>\n",
       "      <th>sepal_length</th>\n",
       "      <th>sepal_width</th>\n",
       "      <th>petal_length</th>\n",
       "      <th>petal_width</th>\n",
       "    </tr>\n",
       "  </thead>\n",
       "  <tbody>\n",
       "    <tr>\n",
       "      <th>sepal_length</th>\n",
       "      <td>0.685694</td>\n",
       "      <td>-0.042434</td>\n",
       "      <td>1.274315</td>\n",
       "      <td>0.516271</td>\n",
       "    </tr>\n",
       "    <tr>\n",
       "      <th>sepal_width</th>\n",
       "      <td>-0.042434</td>\n",
       "      <td>0.189979</td>\n",
       "      <td>-0.329656</td>\n",
       "      <td>-0.121639</td>\n",
       "    </tr>\n",
       "    <tr>\n",
       "      <th>petal_length</th>\n",
       "      <td>1.274315</td>\n",
       "      <td>-0.329656</td>\n",
       "      <td>3.116278</td>\n",
       "      <td>1.295609</td>\n",
       "    </tr>\n",
       "    <tr>\n",
       "      <th>petal_width</th>\n",
       "      <td>0.516271</td>\n",
       "      <td>-0.121639</td>\n",
       "      <td>1.295609</td>\n",
       "      <td>0.581006</td>\n",
       "    </tr>\n",
       "  </tbody>\n",
       "</table>\n",
       "</div>"
      ],
      "text/plain": [
       "              sepal_length  sepal_width  petal_length  petal_width\n",
       "sepal_length      0.685694    -0.042434      1.274315     0.516271\n",
       "sepal_width      -0.042434     0.189979     -0.329656    -0.121639\n",
       "petal_length      1.274315    -0.329656      3.116278     1.295609\n",
       "petal_width       0.516271    -0.121639      1.295609     0.581006"
      ]
     },
     "execution_count": 41,
     "metadata": {},
     "output_type": "execute_result"
    }
   ],
   "source": [
    "# covarience\n",
    "data.cov()"
   ]
  },
  {
   "cell_type": "code",
   "execution_count": 42,
   "id": "6e71ad8e",
   "metadata": {},
   "outputs": [
    {
     "data": {
      "text/html": [
       "<div>\n",
       "<style scoped>\n",
       "    .dataframe tbody tr th:only-of-type {\n",
       "        vertical-align: middle;\n",
       "    }\n",
       "\n",
       "    .dataframe tbody tr th {\n",
       "        vertical-align: top;\n",
       "    }\n",
       "\n",
       "    .dataframe thead th {\n",
       "        text-align: right;\n",
       "    }\n",
       "</style>\n",
       "<table border=\"1\" class=\"dataframe\">\n",
       "  <thead>\n",
       "    <tr style=\"text-align: right;\">\n",
       "      <th></th>\n",
       "      <th>sepal_length</th>\n",
       "      <th>sepal_width</th>\n",
       "      <th>petal_length</th>\n",
       "      <th>petal_width</th>\n",
       "    </tr>\n",
       "  </thead>\n",
       "  <tbody>\n",
       "    <tr>\n",
       "      <th>sepal_length</th>\n",
       "      <td>1.000000</td>\n",
       "      <td>-0.117570</td>\n",
       "      <td>0.871754</td>\n",
       "      <td>0.817941</td>\n",
       "    </tr>\n",
       "    <tr>\n",
       "      <th>sepal_width</th>\n",
       "      <td>-0.117570</td>\n",
       "      <td>1.000000</td>\n",
       "      <td>-0.428440</td>\n",
       "      <td>-0.366126</td>\n",
       "    </tr>\n",
       "    <tr>\n",
       "      <th>petal_length</th>\n",
       "      <td>0.871754</td>\n",
       "      <td>-0.428440</td>\n",
       "      <td>1.000000</td>\n",
       "      <td>0.962865</td>\n",
       "    </tr>\n",
       "    <tr>\n",
       "      <th>petal_width</th>\n",
       "      <td>0.817941</td>\n",
       "      <td>-0.366126</td>\n",
       "      <td>0.962865</td>\n",
       "      <td>1.000000</td>\n",
       "    </tr>\n",
       "  </tbody>\n",
       "</table>\n",
       "</div>"
      ],
      "text/plain": [
       "              sepal_length  sepal_width  petal_length  petal_width\n",
       "sepal_length      1.000000    -0.117570      0.871754     0.817941\n",
       "sepal_width      -0.117570     1.000000     -0.428440    -0.366126\n",
       "petal_length      0.871754    -0.428440      1.000000     0.962865\n",
       "petal_width       0.817941    -0.366126      0.962865     1.000000"
      ]
     },
     "execution_count": 42,
     "metadata": {},
     "output_type": "execute_result"
    }
   ],
   "source": [
    "# Corelation\n",
    "data.corr()"
   ]
  },
  {
   "cell_type": "code",
   "execution_count": 46,
   "id": "6050580c",
   "metadata": {},
   "outputs": [
    {
     "data": {
      "text/html": [
       "<div>\n",
       "<style scoped>\n",
       "    .dataframe tbody tr th:only-of-type {\n",
       "        vertical-align: middle;\n",
       "    }\n",
       "\n",
       "    .dataframe tbody tr th {\n",
       "        vertical-align: top;\n",
       "    }\n",
       "\n",
       "    .dataframe thead th {\n",
       "        text-align: right;\n",
       "    }\n",
       "</style>\n",
       "<table border=\"1\" class=\"dataframe\">\n",
       "  <thead>\n",
       "    <tr style=\"text-align: right;\">\n",
       "      <th></th>\n",
       "      <th>sepal_length</th>\n",
       "      <th>sepal_width</th>\n",
       "      <th>petal_length</th>\n",
       "      <th>petal_width</th>\n",
       "    </tr>\n",
       "  </thead>\n",
       "  <tbody>\n",
       "    <tr>\n",
       "      <th>count</th>\n",
       "      <td>150.000000</td>\n",
       "      <td>150.000000</td>\n",
       "      <td>150.000000</td>\n",
       "      <td>150.000000</td>\n",
       "    </tr>\n",
       "    <tr>\n",
       "      <th>mean</th>\n",
       "      <td>5.843333</td>\n",
       "      <td>3.057333</td>\n",
       "      <td>3.758000</td>\n",
       "      <td>1.199333</td>\n",
       "    </tr>\n",
       "    <tr>\n",
       "      <th>std</th>\n",
       "      <td>0.828066</td>\n",
       "      <td>0.435866</td>\n",
       "      <td>1.765298</td>\n",
       "      <td>0.762238</td>\n",
       "    </tr>\n",
       "    <tr>\n",
       "      <th>min</th>\n",
       "      <td>4.300000</td>\n",
       "      <td>2.000000</td>\n",
       "      <td>1.000000</td>\n",
       "      <td>0.100000</td>\n",
       "    </tr>\n",
       "    <tr>\n",
       "      <th>25%</th>\n",
       "      <td>5.100000</td>\n",
       "      <td>2.800000</td>\n",
       "      <td>1.600000</td>\n",
       "      <td>0.300000</td>\n",
       "    </tr>\n",
       "    <tr>\n",
       "      <th>50%</th>\n",
       "      <td>5.800000</td>\n",
       "      <td>3.000000</td>\n",
       "      <td>4.350000</td>\n",
       "      <td>1.300000</td>\n",
       "    </tr>\n",
       "    <tr>\n",
       "      <th>75%</th>\n",
       "      <td>6.400000</td>\n",
       "      <td>3.300000</td>\n",
       "      <td>5.100000</td>\n",
       "      <td>1.800000</td>\n",
       "    </tr>\n",
       "    <tr>\n",
       "      <th>max</th>\n",
       "      <td>7.900000</td>\n",
       "      <td>4.400000</td>\n",
       "      <td>6.900000</td>\n",
       "      <td>2.500000</td>\n",
       "    </tr>\n",
       "  </tbody>\n",
       "</table>\n",
       "</div>"
      ],
      "text/plain": [
       "       sepal_length  sepal_width  petal_length  petal_width\n",
       "count    150.000000   150.000000    150.000000   150.000000\n",
       "mean       5.843333     3.057333      3.758000     1.199333\n",
       "std        0.828066     0.435866      1.765298     0.762238\n",
       "min        4.300000     2.000000      1.000000     0.100000\n",
       "25%        5.100000     2.800000      1.600000     0.300000\n",
       "50%        5.800000     3.000000      4.350000     1.300000\n",
       "75%        6.400000     3.300000      5.100000     1.800000\n",
       "max        7.900000     4.400000      6.900000     2.500000"
      ]
     },
     "execution_count": 46,
     "metadata": {},
     "output_type": "execute_result"
    }
   ],
   "source": [
    "data.describe()"
   ]
  },
  {
   "cell_type": "markdown",
   "id": "7e760fc3",
   "metadata": {},
   "source": [
    "# Descriptive Statistics"
   ]
  },
  {
   "cell_type": "code",
   "execution_count": null,
   "id": "5162a2ca",
   "metadata": {},
   "outputs": [],
   "source": []
  }
 ],
 "metadata": {
  "kernelspec": {
   "display_name": "Python 3 (ipykernel)",
   "language": "python",
   "name": "python3"
  },
  "language_info": {
   "codemirror_mode": {
    "name": "ipython",
    "version": 3
   },
   "file_extension": ".py",
   "mimetype": "text/x-python",
   "name": "python",
   "nbconvert_exporter": "python",
   "pygments_lexer": "ipython3",
   "version": "3.10.9"
  }
 },
 "nbformat": 4,
 "nbformat_minor": 5
}
